16.8160099
28.22350891
21.754418534921403
32.10479805749598
12.698509749
40.041711682847314
61.24411066888027
120.39627943462403
8.885535001505364
-2.080470121429349
31.697083185601237
108.99803844002054
100.353187314904
143.6355168620124
89.59740409157293
82.10542301800768
99.52007512316277
-13.42094845647781
97.79973680193044
124.95727681379992
156.148679674147
134.5261339858264
24.94073455105577
-4.033392697460583
120.13750743299614
144.47501561221745
236.8893772243975
216.40745190319956
206.7755830270477
321.644049875732
349.89012647314485
433.7607167636528
480.02791195287523
132.92938002629796
132.17925052844217
176.79693038595528
4.383079924140539
6.376522983885542
5.067795526967801
2.2261238181807133
1.052662947838888
